0.0125 2.99995 0.00209936 -0.00209936
0.025 6.99976 0.00419774 -0.00419774
0.0375 10.9996 0.00629414 -0.00629414
0.05 15.0043 0.0083876 -0.0083876
0.0625 19.067 0.0104771 -0.0104771
0.075 23.4047 0.0125618 -0.0125618
0.0875 28.3451 0.0146405 -0.0146405
0.1 34.0736 0.0167124 -0.0167124
0.1125 40.6262 0.0187765 -0.0187765
0.125 47.9955 0.0208318 -0.0208318
0.1375 56.1712 0.0228775 -0.0228775
0.15 65.1453 0.0249124 -0.0249124
0.1625 74.9126 0.0269358 -0.0269358
0.175 85.4695 0.0289467 -0.0289467
0.1875 96.8131 0.0309441 -0.0309441
0.2 108.941 0.0329272 -0.0329272
0.2125 121.852 0.034895 -0.034895
0.225 135.545 0.0368468 -0.0368468
0.2375 150.017 0.0387816 -0.0387816
0.25 165.268 0.0406985 -0.0406985
0.2625 181.296 0.0425968 -0.0425968
0.275 198.1 0.0444755 -0.0444755
0.2875 215.679 0.0463339 -0.0463339
0.3 234.032 0.0481712 -0.0481712
0.3125 253.157 0.0499866 -0.0499866
0.325 273.054 0.0517794 -0.0517794
0.3375 293.72 0.0535487 -0.0535487
0.35 315.155 0.0552939 -0.0552939
0.3625 337.357 0.0570142 -0.0570142
0.375 360.325 0.0587089 -0.0587089
0.3875 384.057 0.0603775 -0.0603775
0.4 408.551 0.0620191 -0.0620191
0.4125 433.807 0.0636332 -0.0636332
0.425 459.823 0.0652192 -0.0652192
0.4375 486.597 0.0667765 -0.0667765
0.45 514.127 0.0683044 -0.0683044
0.4625 542.412 0.0698025 -0.0698025
0.475 571.45 0.0712702 -0.0712702
0.4875 601.239 0.0727071 -0.0727071
0.5 631.778 0.0741125 -0.0741125
0.5125 663.064 0.0754861 -0.0754861
0.525 695.095 0.0768274 -0.0768274
0.5375 727.87 0.078136 -0.078136
0.55 761.387 0.0794115 -0.0794115
0.5625 795.643 0.0806535 -0.0806535
0.575 830.636 0.0818617 -0.0818617
0.5875 866.364 0.0830358 -0.0830358
0.6 902.826 0.0841754 -0.0841754
0.6125 940.018 0.0852803 -0.0852803
0.625 977.939 0.0863503 -0.0863503
0.6375 1016.59 0.087385 -0.087385
0.65 1055.96 0.0883843 -0.0883843
0.6625 1096.05 0.089348 -0.089348
0.675 1136.86 0.090276 -0.090276
0.6875 1178.39 0.091168 -0.091168
0.7 1220.63 0.0920241 -0.0920241
0.7125 1263.58 0.0928441 -0.0928441
0.725 1307.24 0.0936279 -0.0936279
0.7375 1351.61 0.0943756 -0.0943756
0.75 1396.68 0.095087 -0.095087
0.7625 1442.45 0.0957622 -0.0957622
0.775 1488.92 0.0964012 -0.0964012
0.7875 1536.08 0.097004 -0.097004
0.8 1583.94 0.0975708 -0.0975708
0.8125 1632.48 0.0981017 -0.0981017
0.825 1681.71 0.0985966 -0.0985966
0.8375 1731.62 0.0990558 -0.0990558
0.85 1782.22 0.0994795 -0.0994795
0.8625 1833.49 0.0998677 -0.0998677
0.875 1885.43 0.100221 -0.100221
0.8875 1938.04 0.100539 -0.100539
0.9 1991.32 0.100822 -0.100822
0.9125 2045.27 0.101071 -0.101071
0.925 2099.87 0.101286 -0.101286
0.9375 2155.14 0.101466 -0.101466
0.95 2211.05 0.101613 -0.101613
0.9625 2267.62 0.101727 -0.101727
0.975 2324.83 0.101808 -0.101808
0.9875 2382.69 0.101856 -0.101856
1 2441.19 0.101872 -0.101872
1.0125 2500.32 0.101856 -0.101856
1.025 2560.09 0.101808 -0.101808
1.0375 2620.48 0.10173 -0.10173
1.05 2681.5 0.101621 -0.101621
1.0625 2743.14 0.101482 -0.101482
1.075 2805.4 0.101313 -0.101313
1.0875 2868.28 0.101116 -0.101116
1.1 2931.76 0.100889 -0.100889
1.1125 2995.85 0.100634 -0.100634
1.125 3060.54 0.100352 -0.100352
1.1375 3125.83 0.100042 -0.100042
1.15 3191.72 0.0997054 -0.0997054
1.1625 3258.2 0.0993428 -0.0993428
1.175 3325.26 0.0989547 -0.0989547
1.1875 3392.9 0.0985415 -0.0985415
1.2 3461.12 0.0981039 -0.0981039
1.2125 3529.92 0.0976423 -0.0976423
1.225 3599.28 0.0971574 -0.0971574
1.2375 3669.21 0.0966498 -0.0966498
1.25 3739.7 0.0961199 -0.0961199
1.2625 3810.75 0.0955685 -0.0955685
1.275 3882.35 0.0949961 -0.0949961
1.2875 3954.5 0.0944032 -0.0944032
1.3 4027.19 0.0937906 -0.0937906
1.3125 4100.42 0.0931588 -0.0931588
1.325 4174.18 0.0925084 -0.0925084
1.3375 4248.48 0.09184 -0.09184
1.35 4323.29 0.0911542 -0.0911542
1.3625 4398.64 0.0904517 -0.0904517
1.375 4474.49 0.089733 -0.089733
1.3875 4550.86 0.0889987 -0.0889987
1.4 4627.74 0.0882495 -0.0882495
1.4125 4705.11 0.0874859 -0.0874859
1.425 4782.99 0.0867086 -0.0867086
1.4375 4861.35 0.0859182 -0.0859182
1.45 4940.21 0.0851153 -0.0851153
1.4625 5019.55 0.0843004 -0.0843004
1.475 5099.36 0.0834742 -0.0834742
1.4875 5179.65 0.0826372 -0.0826372
1.5 5260.41 0.0817901 -0.0817901
1.5125 5341.63 0.0809333 -0.0809333
1.525 5423.31 0.0800676 -0.0800676
1.5375 5505.44 0.0791934 -0.0791934
1.55 5588.02 0.0783114 -0.0783114
1.5625 5671.04 0.077422 -0.077422
1.575 5754.5 0.0765259 -0.0765259
1.5875 5838.4 0.0756236 -0.0756236
1.6 5922.72 0.0747156 -0.0747156
1.6125 6007.47 0.0738025 -0.0738025
1.625 6092.63 0.0728847 -0.0728847
1.6375 6178.2 0.0719629 -0.0719629
1.65 6264.18 0.0710375 -0.0710375
1.6625 6350.57 0.070109 -0.070109
1.675 6437.35 0.0691779 -0.0691779
1.6875 6524.52 0.0682448 -0.0682448
1.7 6612.07 0.06731 -0.06731
1.7125 6700.01 0.066374 -0.066374
1.725 6788.32 0.0654374 -0.0654374
1.7375 6877 0.0645005 -0.0645005
1.75 6966.05 0.0635638 -0.0635638
1.7625 7055.45 0.0626277 -0.0626277
1.775 7145.21 0.0616926 -0.0616926
1.7875 7235.31 0.060759 -0.060759
1.8 7325.76 0.0598273 -0.0598273
1.8125 7416.54 0.0588978 -0.0588978
1.825 7507.65 0.0579709 -0.0579709
1.8375 7599.09 0.057047 -0.057047
1.85 7690.85 0.0561265 -0.0561265
1.8625 7782.93 0.0552097 -0.0552097
1.875 7875.31 0.0542969 -0.0542969
1.8875 7967.99 0.0533885 -0.0533885
1.9 8060.97 0.0524848 -0.0524848
1.9125 8154.24 0.0515861 -0.0515861
1.925 8247.8 0.0506927 -0.0506927
1.9375 8341.64 0.0498049 -0.0498049
1.95 8435.75 0.048923 -0.048923
1.9625 8530.13 0.0480472 -0.0480472
1.975 8624.78 0.0471778 -0.0471778
1.9875 8719.68 0.046315 -0.046315
2 8814.83 0.0454591 -0.0454591
2.0125 8910.23 0.0446103 -0.0446103
2.025 9005.86 0.0437688 -0.0437688
2.0375 9101.73 0.0429349 -0.0429349
2.05 9197.83 0.0421086 -0.0421086
2.0625 9294.14 0.0412903 -0.0412903
2.075 9390.68 0.0404801 -0.0404801
2.0875 9487.42 0.0396782 -0.0396782
2.1 9584.37 0.0388846 -0.0388846
2.1125 9681.51 0.0380996 -0.0380996
2.125 9778.85 0.0373234 -0.0373234
2.1375 9876.37 0.0365559 -0.0365559
2.15 9974.08 0.0357975 -0.0357975
2.1625 10072 0.0350481 -0.0350481
2.175 10170 0.0343079 -0.0343079
2.1875 10268.2 0.0335769 -0.0335769
2.2 10366.6 0.0328553 -0.0328553
2.2125 10465.1 0.0321432 -0.0321432
2.225 10563.7 0.0314406 -0.0314406
2.2375 10662.5 0.0307476 -0.0307476
2.25 10761.5 0.0300642 -0.0300642
2.2625 10860.5 0.0293905 -0.0293905
2.275 10959.7 0.0287266 -0.0287266
2.2875 11059 0.0280724 -0.0280724
2.3 11158.4 0.027428 -0.027428
2.3125 11257.8 0.0267934 -0.0267934
2.325 11357.4 0.0261686 -0.0261686
2.3375 11457.1 0.0255537 -0.0255537
2.35 11556.9 0.0249486 -0.0249486
2.3625 11656.7 0.0243533 -0.0243533
2.375 11756.6 0.0237679 -0.0237679
2.3875 11856.6 0.0231923 -0.0231923
2.4 11956.6 0.0226264 -0.0226264
2.4125 12056.7 0.0220704 -0.0220704
2.425 12156.8 0.021524 -0.021524
2.4375 12257 0.0209873 -0.0209873
2.45 12357.2 0.0204603 -0.0204603
2.4625 12457.4 0.0199429 -0.0199429
2.475 12557.7 0.019435 -0.019435
2.4875 12658 0.0189366 -0.0189366
2.5 12758.2 0.0184477 -0.0184477
2.5125 12858.5 0.0179681 -0.0179681
2.525 12958.8 0.0174978 -0.0174978
2.5375 13059.1 0.0170368 -0.0170368
2.55 13159.3 0.0165849 -0.0165849
2.5625 13259.5 0.016142 -0.016142
2.575 13359.7 0.0157082 -0.0157082
2.5875 13459.9 0.0152833 -0.0152833
2.6 13560 0.0148672 -0.0148672
2.6125 13660.1 0.0144598 -0.0144598
2.625 13760.2 0.0140611 -0.0140611
2.6375 13860.1 0.013671 -0.013671
2.65 13960 0.0132893 -0.0132893
2.6625 14059.9 0.0129159 -0.0129159
2.675 14159.6 0.0125508 -0.0125508
2.6875 14259.3 0.0121938 -0.0121938
2.7 14358.9 0.0118449 -0.0118449
2.7125 14458.4 0.0115039 -0.0115039
2.725 14557.8 0.0111708 -0.0111708
2.7375 14657.1 0.0108454 -0.0108454
2.75 14756.2 0.0105276 -0.0105276
2.7625 14855.3 0.0102173 -0.0102173
2.775 14954.2 0.00991436 -0.00991436
2.7875 15053 0.00961873 -0.00961873
2.8 15151.7 0.00933028 -0.00933028
2.8125 15250.2 0.00904888 -0.00904888
2.825 15348.5 0.00877443 -0.00877443
2.8375 15446.8 0.0085068 -0.0085068
2.85 15544.8 0.00824589 -0.00824589
2.8625 15642.7 0.00799158 -0.00799158
2.875 15740.4 0.00774375 -0.00774375
2.8875 15837.9 0.0075023 -0.0075023
2.9 15935.2 0.0072671 -0.0072671
2.9125 16032.4 0.00703805 -0.00703805
2.925 16129.3 0.00681502 -0.00681502
2.9375 16226.1 0.00659791 -0.00659791
2.95 16322.6 0.0063866 -0.0063866
2.9625 16418.9 0.00618099 -0.00618099
2.975 16515 0.00598095 -0.00598095
2.9875 16610.9 0.00578638 -0.00578638
3 16706.5 0.00559717 -0.00559717
3.0125 16801.9 0.0054132 -0.0054132
3.025 16897.1 0.00523438 -0.00523438
3.0375 16992 0.00506058 -0.00506058
3.05 17086.6 0.00489171 -0.00489171
3.0625 17181 0.00472765 -0.00472765
3.075 17275.1 0.00456831 -0.00456831
3.0875 17368.9 0.00441358 -0.00441358
3.1 17462.5 0.00426335 -0.00426335
3.1125 17555.8 0.00411752 -0.00411752
3.125 17648.8 0.00397599 -0.00397599
3.1375 17741.4 0.00383867 -0.00383867
3.15 17833.8 0.00370546 -0.00370546
3.1625 17925.9 0.00357625 -0.00357625
3.175 18017.7 0.00345095 -0.00345095
3.1875 18109.1 0.00332947 -0.00332947
3.2 18200.2 0.00321172 -0.00321172
3.2125 18291 0.0030976 -0.0030976
3.225 18381.4 0.00298703 -0.00298703
3.2375 18471.5 0.0028799 -0.0028799
3.25 18561.3 0.00277615 -0.00277615
3.2625 18650.7 0.00267567 -0.00267567
3.275 18739.7 0.00257839 -0.00257839
3.2875 18828.4 0.00248422 -0.00248422
3.3 18916.7 0.00239309 -0.00239309
3.3125 19004.7 0.0023049 -0.0023049
3.325 19092.2 0.00221959 -0.00221959
3.3375 19179.4 0.00213706 -0.00213706
3.35 19266.2 0.00205726 -0.00205726
3.3625 19352.6 0.0019801 -0.0019801
3.375 19438.5 0.00190551 -0.00190551
3.3875 19524.1 0.00183342 -0.00183342
3.4 19609.3 0.00176375 -0.00176375
3.4125 19694 0.00169645 -0.00169645
3.425 19778.4 0.00163143 -0.00163143
3.4375 19862.2 0.00156864 -0.00156864
3.45 19945.7 0.00150802 -0.00150802
3.4625 20028.7 0.00144949 -0.00144949
3.475 20111.3 0.00139299 -0.00139299
3.4875 20193.4 0.00133847 -0.00133847
3.5 20275.1 0.00128587 -0.00128587
3.5125 20356.3 0.00123513 -0.00123513
3.525 20437.1 0.00118619 -0.00118619
3.5375 20517.4 0.00113899 -0.00113899
3.55 20597.2 0.00109349 -0.00109349
3.5625 20676.5 0.00104963 -0.00104963
3.575 20755.4 0.00100736 -0.00100736
3.5875 20833.8 0.000966626 -0.000966626
3.6 20911.6 0.000927384 -0.000927384
3.6125 20989 0.000889586 -0.000889586
3.625 21065.9 0.000853185 -0.000853185
3.6375 21142.3 0.000818136 -0.000818136
3.65 21218.1 0.000784395 -0.000784395
3.6625 21293.5 0.000751919 -0.000751919
3.675 21368.3 0.000720666 -0.000720666
3.6875 21442.6 0.000690596 -0.000690596
3.7 21516.3 0.00066167 -0.00066167
3.7125 21589.6 0.000633849 -0.000633849
3.725 21662.3 0.000607096 -0.000607096
3.7375 21734.4 0.000581375 -0.000581375
3.75 21806 0.00055665 -0.00055665
3.7625 21877 0.000532887 -0.000532887
3.775 21947.5 0.000510054 -0.000510054
3.7875 22017.5 0.000488116 -0.000488116
3.8 22086.8 0.000467045 -0.000467045
3.8125 22155.6 0.000446808 -0.000446808
3.825 22223.8 0.000427376 -0.000427376
3.8375 22291.5 0.000408721 -0.000408721
3.85 22358.6 0.000390815 -0.000390815
3.8625 22425 0.00037363 -0.00037363
3.875 22490.9 0.000357142 -0.000357142
3.8875 22556.2 0.000341324 -0.000341324
3.9 22620.9 0.000326152 -0.000326152
3.9125 22685 0.000311602 -0.000311602
3.925 22748.5 0.000297652 -0.000297652
3.9375 22811.3 0.000284279 -0.000284279
3.95 22873.6 0.00027146 -0.00027146
3.9625 22935.2 0.000259177 -0.000259177
3.975 22996.3 0.000247408 -0.000247408
3.9875 23056.7 0.000236134 -0.000236134
4 23116.4 0.000225335 -0.000225335
4.0125 23175.6 0.000214995 -0.000214995
4.025 23234.1 0.000205094 -0.000205094
4.0375 23291.9 0.000195616 -0.000195616
4.05 23349.1 0.000186546 -0.000186546
4.0625 23405.7 0.000177865 -0.000177865
4.075 23461.6 0.00016956 -0.00016956
4.0875 23516.9 0.000161616 -0.000161616
4.1 23571.5 0.000154017 -0.000154017
4.1125 23625.4 0.000146751 -0.000146751
4.125 23678.7 0.000139804 -0.000139804
4.1375 23731.3 0.000133163 -0.000133163
4.15 23783.3 0.000126816 -0.000126816
4.1625 23834.5 0.000120751 -0.000120751
4.175 23885.1 0.000114956 -0.000114956
4.1875 23935 0.00010942 -0.00010942
4.2 23984.3 0.000104133 -0.000104133
4.2125 24032.8 9.90837e-05 -9.90837e-05
4.225 24080.7 9.42629e-05 -9.42629e-05
4.2375 24127.8 8.96609e-05 -8.96609e-05
4.25 24174.3 8.52684e-05 -8.52684e-05
4.2625 24220.1 8.10765e-05 -8.10765e-05
4.275 24265.1 7.70768e-05 -7.70768e-05
4.2875 24309.5 7.32611e-05 -7.32611e-05
4.3 24353.2 6.96215e-05 -6.96215e-05
4.3125 24396.1 6.61504e-05 -6.61504e-05
4.325 24438.4 6.28405e-05 -6.28405e-05
4.3375 24479.9 5.96848e-05 -5.96848e-05
4.35 24520.7 5.66765e-05 -5.66765e-05
4.3625 24560.8 5.38093e-05 -5.38093e-05
4.375 24600.2 5.10769e-05 -5.10769e-05
4.3875 24638.8 4.84733e-05 -4.84733e-05
4.4 24676.7 4.59928e-05 -4.59928e-05
4.4125 24713.9 4.36298e-05 -4.36298e-05
4.425 24750.4 4.13791e-05 -4.13791e-05
4.4375 24786.1 3.92357e-05 -3.92356e-05
4.45 24821.1 3.71945e-05 -3.71945e-05
4.4625 24855.4 3.5251e-05 -3.5251e-05
4.475 24888.9 3.34007e-05 -3.34007e-05
4.4875 24921.7 3.16392e-05 -3.16392e-05
4.5 24953.7 2.99624e-05 -2.99624e-05
4.5125 24985 2.83664e-05 -2.83664e-05
4.525 25015.5 2.68474e-05 -2.68474e-05
4.5375 25045.3 2.54016e-05 -2.54016e-05
4.55 25074.3 2.40257e-05 -2.40257e-05
4.5625 25102.6 2.27162e-05 -2.27162e-05
4.575 25130.2 2.147e-05 -2.147e-05
4.5875 25156.9 2.02839e-05 -2.02839e-05
4.6 25182.9 1.9155e-05 -1.9155e-05
4.6125 25208.2 1.80805e-05 -1.80805e-05
4.625 25232.7 1.70576e-05 -1.70576e-05
4.6375 25256.4 1.60837e-05 -1.60837e-05
4.65 25279.4 1.51563e-05 -1.51563e-05
4.6625 25301.6 1.4273e-05 -1.4273e-05
4.675 25323 1.34315e-05 -1.34315e-05
4.6875 25343.7 1.26296e-05 -1.26296e-05
4.7 25363.6 1.18651e-05 -1.18651e-05
4.7125 25382.7 1.1136e-05 -1.1136e-05
4.725 25401.1 1.04403e-05 -1.04403e-05
4.7375 25418.6 9.7762e-06 -9.77621e-06
4.75 25435.5 9.14176e-06 -9.14176e-06
4.7625 25451.5 8.53526e-06 -8.53527e-06
4.775 25466.7 7.95501e-06 -7.95502e-06
4.7875 25481.2 7.39937e-06 -7.39938e-06
4.8 25494.9 6.86676e-06 -6.86677e-06
4.8125 25507.8 6.35566e-06 -6.35566e-06
4.825 25519.9 5.86457e-06 -5.86458e-06
4.8375 25531.3 5.39207e-06 -5.39208e-06
4.85 25541.8 4.93676e-06 -4.93676e-06
4.8625 25551.6 4.49728e-06 -4.49728e-06
4.875 25560.6 4.0723e-06 -4.0723e-06
4.8875 25568.8 3.66054e-06 -3.66054e-06
4.9 25576.1 3.26072e-06 -3.26073e-06
4.9125 25582.7 2.87161e-06 -2.87161e-06
4.925 25588.5 2.49198e-06 -2.49198e-06
4.9375 25593.3 2.12063e-06 -2.12063e-06
4.95 25597.3 1.75636e-06 -1.75636e-06
4.9625 25600.4 1.39799e-06 -1.39799e-06
4.975 25603.7 1.04435e-06 -1.04435e-06
4.9875 25608.3 6.94252e-07 -6.94253e-07
5 25614.9 3.46531e-07 -3.46531e-07
