0.01 7.52309 0.00192483 -0.00192483
0.02 15.2984 0.00386746 -0.00386746
0.03 23.1645 0.00582652 -0.00582652
0.04 31.0715 0.00780062 -0.00780062
0.05 39.004 0.00978836 -0.00978836
0.06 46.9883 0.0117883 -0.0117883
0.07 55.2098 0.0137991 -0.0137991
0.08 64.1132 0.0158192 -0.0158192
0.09 74.1337 0.0178472 -0.0178472
0.1 85.4473 0.0198817 -0.0198817
0.11 98.0704 0.0219212 -0.0219212
0.12 111.983 0.0239642 -0.0239642
0.13 127.164 0.0260094 -0.0260094
0.14 143.6 0.0280551 -0.0280551
0.15 161.28 0.0301 -0.0301
0.16 180.197 0.0321426 -0.0321426
0.17 200.345 0.0341814 -0.0341814
0.18 221.72 0.036215 -0.036215
0.19 244.319 0.0382419 -0.0382419
0.2 268.137 0.0402608 -0.0402608
0.21 293.173 0.0422701 -0.0422701
0.22 319.424 0.0442685 -0.0442685
0.23 346.888 0.0462546 -0.0462546
0.24 375.561 0.048227 -0.048227
0.25 405.443 0.0501843 -0.0501843
0.26 436.531 0.0521252 -0.0521252
0.27 468.822 0.0540483 -0.0540483
0.28 502.315 0.0559524 -0.0559524
0.29 537.007 0.0578361 -0.0578361
0.3 572.896 0.0596982 -0.0596982
0.31 609.98 0.0615374 -0.0615374
0.32 648.255 0.0633525 -0.0633525
0.33 687.721 0.0651424 -0.0651424
0.34 728.373 0.0669059 -0.0669059
0.35 770.21 0.0686417 -0.0686417
0.36 813.23 0.0703489 -0.0703489
0.37 857.428 0.0720264 -0.0720264
0.38 902.803 0.0736731 -0.0736731
0.39 949.352 0.0752881 -0.0752881
0.4 997.072 0.0768702 -0.0768702
0.41 1045.96 0.0784187 -0.0784187
0.42 1096.01 0.0799326 -0.0799326
0.43 1147.23 0.081411 -0.081411
0.44 1199.6 0.0828531 -0.0828531
0.45 1253.13 0.0842582 -0.0842582
0.46 1307.81 0.0856254 -0.0856254
0.47 1363.64 0.086954 -0.086954
0.48 1420.61 0.0882434 -0.0882434
0.49 1478.73 0.089493 -0.089493
0.5 1537.98 0.090702 -0.090702
0.51 1598.37 0.0918701 -0.0918701
0.52 1659.89 0.0929966 -0.0929966
0.53 1722.54 0.0940811 -0.0940811
0.54 1786.31 0.0951231 -0.0951231
0.55 1851.2 0.0961223 -0.0961223
0.56 1917.21 0.0970783 -0.0970783
0.57 1984.32 0.0979907 -0.0979907
0.58 2052.55 0.0988594 -0.0988594
0.59 2121.87 0.099684 -0.099684
0.6 2192.3 0.100464 -0.100464
0.61 2263.82 0.1012 -0.1012
0.62 2336.43 0.101892 -0.101892
0.63 2410.13 0.102539 -0.102539
0.64 2484.9 0.103142 -0.103142
0.65 2560.75 0.103699 -0.103699
0.66 2637.68 0.104213 -0.104213
0.67 2715.67 0.104682 -0.104682
0.68 2794.72 0.105106 -0.105106
0.69 2874.84 0.105486 -0.105486
0.7 2956 0.105823 -0.105823
0.71 3038.21 0.106115 -0.106115
0.72 3121.46 0.106365 -0.106365
0.73 3205.76 0.10657 -0.10657
0.74 3291.08 0.106734 -0.106734
0.75 3377.43 0.106854 -0.106854
0.76 3464.8 0.106933 -0.106933
0.77 3553.19 0.106969 -0.106969
0.78 3642.59 0.106965 -0.106965
0.79 3732.99 0.10692 -0.10692
0.8 3824.4 0.106835 -0.106835
0.81 3916.8 0.10671 -0.10671
0.82 4010.18 0.106546 -0.106546
0.83 4104.55 0.106343 -0.106343
0.84 4199.9 0.106102 -0.106102
0.85 4296.22 0.105825 -0.105825
0.86 4393.5 0.10551 -0.10551
0.87 4491.74 0.10516 -0.10516
0.88 4590.94 0.104775 -0.104775
0.89 4691.08 0.104355 -0.104355
0.9 4792.17 0.103901 -0.103901
0.91 4894.18 0.103415 -0.103415
0.92 4997.13 0.102896 -0.102896
0.93 5101 0.102346 -0.102346
0.94 5205.79 0.101765 -0.101765
0.95 5311.48 0.101155 -0.101155
0.96 5418.08 0.100516 -0.100516
0.97 5525.57 0.099848 -0.099848
0.98 5633.96 0.0991533 -0.0991533
0.99 5743.22 0.0984322 -0.0984322
1 5853.37 0.0976856 -0.0976856
1.01 5964.38 0.0969143 -0.0969143
1.02 6076.26 0.0961193 -0.0961193
1.03 6188.99 0.0953013 -0.0953013
1.04 6302.57 0.0944614 -0.0944614
1.05 6416.99 0.0936004 -0.0936004
1.06 6532.25 0.0927191 -0.0927191
1.07 6648.34 0.0918185 -0.0918185
1.08 6765.25 0.0908994 -0.0908994
1.09 6882.97 0.0899628 -0.0899628
1.1 7001.5 0.0890095 -0.0890095
1.11 7120.82 0.0880405 -0.0880405
1.12 7240.94 0.0870565 -0.0870565
1.13 7361.84 0.0860585 -0.0860585
1.14 7483.52 0.0850473 -0.0850473
1.15 7605.97 0.0840238 -0.0840238
1.16 7729.19 0.0829888 -0.0829888
1.17 7853.15 0.0819432 -0.0819432
1.18 7977.87 0.0808879 -0.0808879
1.19 8103.32 0.0798236 -0.0798236
1.2 8229.5 0.0787512 -0.0787512
1.21 8356.41 0.0776714 -0.0776714
1.22 8484.04 0.0765852 -0.0765852
1.23 8612.37 0.0754932 -0.0754932
1.24 8741.4 0.0743962 -0.0743962
1.25 8871.13 0.073295 -0.073295
1.26 9001.54 0.0721903 -0.0721903
1.27 9132.62 0.0710829 -0.0710829
1.28 9264.38 0.0699735 -0.0699735
1.29 9396.79 0.0688628 -0.0688628
1.3 9529.86 0.0677514 -0.0677514
1.31 9663.57 0.0666401 -0.0666401
1.32 9797.92 0.0655295 -0.0655295
1.33 9932.89 0.0644202 -0.0644202
1.34 10068.5 0.0633129 -0.0633129
1.35 10204.7 0.0622081 -0.0622081
1.36 10341.5 0.0611065 -0.0611065
1.37 10478.9 0.0600086 -0.0600086
1.38 10616.9 0.058915 -0.058915
1.39 10755.5 0.0578263 -0.0578263
1.4 10894.6 0.0567429 -0.0567429
1.41 11034.3 0.0556653 -0.0556653
1.42 11174.5 0.0545941 -0.0545941
1.43 11315.3 0.0535297 -0.0535297
1.44 11456.6 0.0524725 -0.0524725
1.45 11598.5 0.0514231 -0.0514231
1.46 11740.9 0.0503817 -0.0503817
1.47 11883.7 0.0493488 -0.0493488
1.48 12027.1 0.0483249 -0.0483249
1.49 12171 0.0473102 -0.0473102
1.5 12315.3 0.046305 -0.046305
1.51 12460.1 0.0453098 -0.0453098
1.52 12605.4 0.0443249 -0.0443249
1.53 12751.2 0.0433505 -0.0433505
1.54 12897.3 0.0423869 -0.0423869
1.55 13044 0.0414343 -0.0414343
1.56 13191 0.0404931 -0.0404931
1.57 13338.5 0.0395634 -0.0395634
1.58 13486.4 0.0386455 -0.0386455
1.59 13634.7 0.0377396 -0.0377396
1.6 13783.3 0.0368458 -0.0368458
1.61 13932.4 0.0359643 -0.0359643
1.62 14081.8 0.0350953 -0.0350953
1.63 14231.6 0.0342389 -0.0342389
1.64 14381.8 0.0333952 -0.0333952
1.65 14532.3 0.0325644 -0.0325644
1.66 14683.1 0.0317465 -0.0317465
1.67 14834.3 0.0309416 -0.0309416
1.68 14985.7 0.0301498 -0.0301498
1.69 15137.5 0.0293712 -0.0293712
1.7 15289.6 0.0286058 -0.0286058
1.71 15442 0.0278536 -0.0278536
1.72 15594.7 0.0271146 -0.0271146
1.73 15747.6 0.0263889 -0.0263889
1.74 15900.8 0.0256765 -0.0256765
1.75 16054.2 0.0249773 -0.0249773
1.76 16207.9 0.0242914 -0.0242914
1.77 16361.8 0.0236186 -0.0236186
1.78 16516 0.0229591 -0.0229591
1.79 16670.4 0.0223126 -0.0223126
1.8 16824.9 0.0216792 -0.0216792
1.81 16979.7 0.0210588 -0.0210588
1.82 17134.7 0.0204513 -0.0204513
1.83 17289.8 0.0198567 -0.0198567
1.84 17445.1 0.0192748 -0.0192748
1.85 17600.6 0.0187055 -0.0187055
1.86 17756.2 0.0181488 -0.0181488
1.87 17911.9 0.0176045 -0.0176045
1.88 18067.8 0.0170726 -0.0170726
1.89 18223.8 0.0165528 -0.0165528
1.9 18379.9 0.0160451 -0.0160451
1.91 18536.1 0.0155494 -0.0155494
1.92 18692.4 0.0150655 -0.0150655
1.93 18848.8 0.0145932 -0.0145932
1.94 19005.2 0.0141325 -0.0141325
1.95 19161.7 0.0136831 -0.0136831
1.96 19318.3 0.0132449 -0.0132449
1.97 19474.9 0.0128179 -0.0128179
1.98 19631.6 0.0124017 -0.0124017
1.99 19788.2 0.0119962 -0.0119962
2 19944.9 0.0116014 -0.0116014
2.01 20101.6 0.0112169 -0.0112169
2.02 20258.3 0.0108428 -0.0108428
2.03 20414.9 0.0104786 -0.0104786
2.04 20571.6 0.0101244 -0.0101244
2.05 20728.2 0.00977994 -0.00977994
2.06 20884.8 0.00944502 -0.00944502
2.07 21041.3 0.00911949 -0.00911949
2.08 21197.7 0.00880317 -0.00880317
2.09 21354.1 0.00849588 -0.00849588
2.1 21510.4 0.00819745 -0.00819745
2.11 21666.6 0.0079077 -0.0079077
2.12 21822.7 0.00762646 -0.00762646
2.13 21978.7 0.00735356 -0.00735356
2.14 22134.6 0.00708881 -0.00708881
2.15 22290.3 0.00683205 -0.00683205
2.16 22445.9 0.00658309 -0.00658309
2.17 22601.4 0.00634178 -0.00634178
2.18 22756.7 0.00610793 -0.00610793
2.19 22911.8 0.00588138 -0.00588138
2.2 23066.8 0.00566195 -0.00566195
2.21 23221.6 0.00544949 -0.00544949
2.22 23376.1 0.00524381 -0.00524381
2.23 23530.5 0.00504477 -0.00504477
2.24 23684.6 0.00485219 -0.00485219
2.25 23838.6 0.00466592 -0.00466592
2.26 23992.3 0.00448579 -0.00448579
2.27 24145.7 0.00431165 -0.00431165
2.28 24298.9 0.00414334 -0.00414334
2.29 24451.8 0.00398072 -0.00398072
2.3 24604.5 0.00382362 -0.00382362
2.31 24756.9 0.0036719 -0.0036719
2.32 24909 0.00352542 -0.00352542
2.33 25060.8 0.00338403 -0.00338403
2.34 25212.2 0.00324758 -0.00324758
2.35 25363.4 0.00311595 -0.00311595
2.36 25514.2 0.00298898 -0.00298898
2.37 25664.7 0.00286655 -0.00286655
2.38 25814.9 0.00274853 -0.00274853
2.39 25964.7 0.00263478 -0.00263478
2.4 26114.1 0.00252519 -0.00252519
2.41 26263.2 0.00241961 -0.00241961
2.42 26411.8 0.00231794 -0.00231794
2.43 26560.1 0.00222004 -0.00222004
2.44 26708 0.00212582 -0.00212582
2.45 26855.5 0.00203514 -0.00203514
2.46 27002.5 0.0019479 -0.0019479
2.47 27149.1 0.00186399 -0.00186399
2.48 27295.3 0.0017833 -0.0017833
2.49 27441 0.00170573 -0.00170573
2.5 27586.3 0.00163118 -0.00163118
2.51 27731.1 0.00155954 -0.00155954
2.52 27875.5 0.00149072 -0.00149072
2.53 28019.4 0.00142462 -0.00142462
2.54 28162.7 0.00136116 -0.00136116
2.55 28305.6 0.00130024 -0.00130024
2.56 28448 0.00124177 -0.00124177
2.57 28589.8 0.00118568 -0.00118568
2.58 28731.1 0.00113187 -0.00113187
2.59 28871.9 0.00108026 -0.00108026
2.6 29012.2 0.00103078 -0.00103078
2.61 29151.9 0.000983359 -0.000983359
2.62 29291 0.000937911 -0.000937911
2.63 29429.6 0.000894369 -0.000894369
2.64 29567.5 0.000852663 -0.000852663
2.65 29704.9 0.000812724 -0.000812724
2.66 29841.7 0.000774487 -0.000774487
2.67 29977.9 0.000737889 -0.000737889
2.68 30113.5 0.000702868 -0.000702868
2.69 30248.5 0.000669363 -0.000669363
2.7 30382.9 0.000637317 -0.000637317
2.71 30516.6 0.000606674 -0.000606674
2.72 30649.6 0.000577379 -0.000577379
2.73 30782 0.000549379 -0.000549379
2.74 30913.8 0.000522624 -0.000522624
2.75 31044.9 0.000497065 -0.000497065
2.76 31175.3 0.000472653 -0.000472653
2.77 31305 0.000449343 -0.000449343
2.78 31434 0.00042709 -0.00042709
2.79 31562.4 0.000405851 -0.000405851
2.8 31690 0.000385585 -0.000385585
2.81 31816.9 0.000366253 -0.000366253
2.82 31943.1 0.000347814 -0.000347814
2.83 32068.5 0.000330233 -0.000330233
2.84 32193.2 0.000313473 -0.000313473
2.85 32317.2 0.000297499 -0.000297499
2.86 32440.4 0.000282278 -0.000282278
2.87 32562.9 0.000267779 -0.000267779
2.88 32684.5 0.00025397 -0.00025397
2.89 32805.4 0.000240821 -0.000240821
2.9 32925.5 0.000228303 -0.000228303
2.91 33044.9 0.00021639 -0.00021639
2.92 33163.4 0.000205055 -0.000205055
2.93 33281.1 0.000194272 -0.000194272
2.94 33398 0.000184016 -0.000184016
2.95 33514.1 0.000174264 -0.000174264
2.96 33629.4 0.000164994 -0.000164994
2.97 33743.8 0.000156183 -0.000156183
2.98 33857.4 0.000147811 -0.000147811
2.99 33970.1 0.000139858 -0.000139858
3 34082 0.000132305 -0.000132305
3.01 34193 0.000125133 -0.000125133
3.02 34303.1 0.000118324 -0.000118324
3.03 34412.4 0.000111862 -0.000111862
3.04 34520.7 0.00010573 -0.00010573
3.05 34628.2 9.99132e-05 -9.99132e-05
3.06 34734.8 9.43961e-05 -9.43961e-05
3.07 34840.5 8.91646e-05 -8.91646e-05
3.08 34945.3 8.42051e-05 -8.42051e-05
3.09 35049.2 7.95044e-05 -7.95044e-05
3.1 35152.1 7.50502e-05 -7.50502e-05
3.11 35254.1 7.08305e-05 -7.08305e-05
3.12 35355.2 6.68337e-05 -6.68337e-05
3.13 35455.3 6.30491e-05 -6.30491e-05
3.14 35554.5 5.94661e-05 -5.94661e-05
3.15 35652.8 5.60748e-05 -5.60748e-05
3.16 35750 5.28657e-05 -5.28657e-05
3.17 35846.4 4.98296e-05 -4.98296e-05
3.18 35941.7 4.69579e-05 -4.69579e-05
3.19 36036.1 4.42423e-05 -4.42423e-05
3.2 36129.4 4.16749e-05 -4.16749e-05
3.21 36221.8 3.92481e-05 -3.92481e-05
3.22 36313.2 3.69548e-05 -3.69548e-05
3.23 36403.6 3.47881e-05 -3.47881e-05
3.24 36493 3.27415e-05 -3.27415e-05
3.25 36581.4 3.08087e-05 -3.08087e-05
3.26 36668.8 2.89839e-05 -2.89839e-05
3.27 36755.1 2.72614e-05 -2.72614e-05
3.28 36840.4 2.56358e-05 -2.56358e-05
3.29 36924.7 2.4102e-05 -2.4102e-05
3.3 37008 2.26551e-05 -2.26551e-05
3.31 37090.2 2.12906e-05 -2.12906e-05
3.32 37171.3 2.00041e-05 -2.00041e-05
3.33 37251.4 1.87913e-05 -1.87913e-05
3.34 37330.5 1.76482e-05 -1.76482e-05
3.35 37408.5 1.65712e-05 -1.65712e-05
3.36 37485.4 1.55565e-05 -1.55565e-05
3.37 37561.2 1.46009e-05 -1.46009e-05
3.38 37636 1.37011e-05 -1.37011e-05
3.39 37709.7 1.2854e-05 -1.2854e-05
3.4 37782.3 1.20566e-05 -1.20566e-05
3.41 37853.8 1.13063e-05 -1.13063e-05
3.42 37924.2 1.06005e-05 -1.06005e-05
3.43 37993.5 9.9365e-06 -9.9365e-06
3.44 38061.8 9.31213e-06 -9.31213e-06
3.45 38128.9 8.72509e-06 -8.72509e-06
3.46 38194.9 8.17329e-06 -8.17329e-06
3.47 38259.7 7.65471e-06 -7.65471e-06
3.48 38323.5 7.16746e-06 -7.16746e-06
3.49 38386.1 6.70975e-06 -6.70975e-06
3.5 38447.7 6.27987e-06 -6.27987e-06
3.51 38508 5.87621e-06 -5.87621e-06
3.52 38567.3 5.49726e-06 -5.49726e-06
3.53 38625.4 5.14158e-06 -5.14158e-06
3.54 38682.4 4.8078e-06 -4.8078e-06
3.55 38738.2 4.49464e-06 -4.49464e-06
3.56 38792.8 4.20089e-06 -4.20089e-06
3.57 38846.4 3.92538e-06 -3.92539e-06
3.58 38898.7 3.66705e-06 -3.66705e-06
3.59 38949.9 3.42486e-06 -3.42486e-06
3.6 39000 3.19784e-06 -3.19784e-06
3.61 39048.8 2.98509e-06 -2.98509e-06
3.62 39096.5 2.78573e-06 -2.78573e-06
3.63 39143.1 2.59895e-06 -2.59896e-06
3.64 39188.4 2.42399e-06 -2.424e-06
3.65 39232.6 2.26012e-06 -2.26013e-06
3.66 39275.6 2.10666e-06 -2.10666e-06
3.67 39317.5 1.96296e-06 -1.96296e-06
3.68 39358.1 1.8284e-06 -1.82841e-06
3.69 39397.5 1.70243e-06 -1.70243e-06
3.7 39435.8 1.5845e-06 -1.5845e-06
3.71 39472.9 1.47409e-06 -1.47409e-06
3.72 39508.7 1.37073e-06 -1.37073e-06
3.73 39543.4 1.27396e-06 -1.27396e-06
3.74 39576.9 1.18336e-06 -1.18336e-06
3.75 39609.2 1.09852e-06 -1.09852e-06
3.76 39640.2 1.01906e-06 -1.01906e-06
3.77 39670.1 9.44627e-07 -9.44628e-07
3.78 39698.8 8.74877e-07 -8.74879e-07
3.79 39726.2 8.09493e-07 -8.09494e-07
3.8 39752.4 7.48172e-07 -7.48173e-07
3.81 39777.4 6.90629e-07 -6.9063e-07
3.82 39801.2 6.36595e-07 -6.36596e-07
3.83 39823.8 5.85815e-07 -5.85815e-07
3.84 39845.2 5.38046e-07 -5.38046e-07
3.85 39865.3 4.9306e-07 -4.9306e-07
3.86 39884.2 4.50639e-07 -4.50639e-07
3.87 39901.8 4.10577e-07 -4.10577e-07
3.88 39918.3 3.72676e-07 -3.72676e-07
3.89 39933.4 3.36749e-07 -3.36748e-07
3.9 39947.3 3.02615e-07 -3.02614e-07
3.91 39960 2.70102e-07 -2.70101e-07
3.92 39971.3 2.39045e-07 -2.39044e-07
3.93 39981.3 2.09283e-07 -2.09282e-07
3.94 39989.9 1.80661e-07 -1.80661e-07
3.95 39996.8 1.53031e-07 -1.53031e-07
3.96 40002.2 1.26244e-07 -1.26244e-07
3.97 40008.2 1.00157e-07 -1.00157e-07
3.98 40016.4 7.46292e-08 -7.46295e-08
3.99 40027.3 4.95199e-08 -4.95201e-08
4 40042.2 2.469e-08 -2.469e-08
